version https://git-lfs.github.com/spec/v1
oid sha256:7136ee1c69d77ef91972c9962e53a2adf41ad3bf149ff3391776162f88d188f6
size 102117
